A^2:
21.000000 24.000000 27.000000 
81.000000 96.000000 111.000000 
20.000000 24.000000 28.000000 
========
B^2:
117.000000 153.000000 180.000000 
12.000000 22.000000 27.000000 
68.000000 99.000000 121.000000 
========
A^2-B^2:
-96.000000 -129.000000 -153.000000 
69.000000 74.000000 84.000000 
-48.000000 -75.000000 -93.000000 
========
A+B:
10.000000 11.000000 12.000000 
7.000000 9.000000 12.000000 
6.000000 9.000000 10.000000 
========
A-B:
-8.000000 -7.000000 -6.000000 
7.000000 7.000000 6.000000 
-2.000000 -5.000000 -6.000000 
========
(A+B)*(A-B):
-27.000000 -53.000000 -66.000000 
-17.000000 -46.000000 -60.000000 
-5.000000 -29.000000 -42.000000 
========
A^2-B^2-(A+B)*(A-B):
-69.000000 -76.000000 -87.000000 
86.000000 120.000000 144.000000 
-43.000000 -46.000000 -51.000000 
